21
25
29
31
37
39
43
47
51
54
57
60
63
67
71
73
77
79
83
87
89
91
95
97
100
103
105
108
111
113
115
118
119
121
124
126
127
131
134
135
139
141
143
147
149
151
153
155
157
159
161
163
166
167
169
172
174
175
177
179
180
182
183
185
187
187
188
190
191
191
193
195
195
197
199
199
199
200
201
203
203
204
204
204
204
205
206
206
206
206
206
207
204
203
200
199
198
196
195
195
193
193
192
192
192
190
188
188
187
185
184
184
184
183
182
182
180
180
179
179
179
179
178
177
177
177
176
176
176
176
176
176
176
176
176
176
176
176
176
176
175
174
174
173
172
172
172
172
172
171
171
171
170
170
169